
Time: 0.005847
Result: 60, 5, 12, 7, 8, 1, 1, 60, 35.898071
